0.0016235843453929347
0.3366777092538243
0.3366777092538243
0.9999999941655082
0.9999926969686319
0.9999999941655082
0.17300197398876477
0.9999999941655082
0.9999999941655082
0.3366777092538243
0.9999999941655082
0.9984284656609309
0.6705714628072034
0.9999999941655082
0.9999999941655082
0.9984284656609309
0.9999999941655082
0.9999999941655082
0.6705714628072034
0.9999999941655082
0.9984284656609309
0.9999999941655082
0.9999999941655082
0.9999999941655082
0.9999999941655082
0.9999926969686319
0.9999999941655082
0.9999999941655082
0.9984284656609309
0.6705714628072034
0.9999999941655082
0.9999999941655082
0.9984284656609309
0.9999999941655082
0.9999999941655082
0.9999999941655082
0.9999999941655082
0.9999822808930942
0.9984284656609309
6.999956397153332E-7
0.9999999941655082
0.9999999941655082
0.6705714628072034
0.9999999941655082
0.9984284656609309
0.17300197398876477
0.9999999941655082
0.9999999941655082
0.9999999941655082
0.9999842601682801
0.9984284656609309
0.9984284656609309
0.9999999941655082
0.9999999941655082
0.3366777092538243
0.9999999941655082
0.9999999941655082
0.9999999941655082
0.3366777092538243
0.9999999941655082
0.9999822808930942
0.17300197398876477
0.9984284656609309
0.9999999941655082
0.9984284656609309
0.9999999941655082
0.9999999941655082
0.9999999941655082
0.9999999941655082
0.9999999941655082
0.9984284656609309
0.9999999941655082
0.9999999941655082
0.9999999941655082
0.9999822808930942
0.17300197398876477
0.9999999941655082
0.9999999941655082
0.9984284656609309
0.9999999941655082
0.9999999941655082
0.9999999941655082
0.9999999941655082
0.9999999941655082
0.9999999941655082
0.9984284656609309
0.9999999941655082
0.9999999941655082
0.9999999941655082
0.9999999941655082
0.9999999941655082
0.9999999941655082
0.9999999941655082
0.9999999941655082
0.9999999941655082
0.9999999941655082
0.9999999941655082
0.9999999941655082
0.9984284656609309
0.9999999941655082
0.9999999999416551
